51115.1897675201
126695.810433161
61561.7075245073
52320.2400637347
129449.427972845
59627.5801158499
50104.7232949967
123565.607387019
59971.8217610632
49236.8458403512
126454.167951222
59433.6725434321
50000.2491453847
128529.079268253
57143.3378425951
46554.1874896638
59737.6778078866
132965.851575329
59295.9551751923
47637.1281330002
126794.029770676
60301.1949258009
126532.001405782
48208.5174932799
52326.5916189888
127016.254141587
58561.6772981672
59740.5700639765
50221.3125936311
125148.146776712
