48314.4598516924
133055.926656642
71621.3043020197
51388.386292622
134292.854851212
73752.2325880386
50717.0684604619
131317.644576112
68715.3088253024
48941.0842898433
134883.584883818
76317.4088997686
49551.98905262
129585.931334966
65704.8335722921
63938.2304811433
127641.014216331
50894.669828736
128509.99280774
50884.5550799701
81963.4162007335
49251.2517048962
130913.501870527
64497.395310845
51289.3345536125
131195.506340554
67425.2204255259
50304.7339690828
70688.0969307577
131615.897626855
