3.240673188
2.939408324
2.925511020
1.119063335
1.125741935
1.137861032
1.007861706
1.075640848
1.076189842
2.932164522
2.941152285
2.919162121
1.107480108
1.131078626
1.136294673
1.010714255
1.078277230
1.062966683
2.936225181
2.943408204
2.914959735
1.110575752
1.126718353
1.142515485
1.005536923
1.064125176
1.068548294
2.931441526
2.943251196
2.913343624
1.104981426
1.138309254
1.138175466
1.011726298
1.069000732
1.068200834
2.931915208
2.946839907
2.923541598
1.102339393
1.131228850
1.135669931
1.007745548
1.071393407
1.069613414
2.937452617
2.936971627
2.919648611
1.101038704
1.158182451
1.136618203
1.005672379
1.071771939
1.073371089
2.925687668
2.936788141
2.918513123
1.109880200
1.133365267
1.136090525
1.006695451
1.076432083
1.070042308
2.933573394
2.940209682
2.926195659
1.115889359
1.135248781
1.133537741
1.008376452
1.069696959
1.065113897
2.928701396
2.944643663
2.923361049
1.105617922
1.134391880
1.135916738
1.009488022
1.071846910
1.056865201
2.935567468
2.941942724
2.919461502
1.111398542
1.139396739
1.139007850
1.013442288
1.072161145
1.067189324
2.928442759
2.937956848
2.916404251
1.105078854
1.133337859
1.136986391
1.013769072
1.070256062
1.064627339
2.929117028
2.937554529
2.924857938
1.111179477
1.134934417
1.146422485
1.009199529
1.077641117
1.065758187
2.934545527
2.938970822
2.917592016
1.106494311
1.138114222
1.136249508
1.010056974
1.068703354
1.056174814
2.933467562
2.944288835
2.915131832
1.109634528
1.131726647
1.137900741
1.011285204
1.074767275
1.067417976
2.935406185
2.938765844
2.926116836
1.107077647
1.137720518
1.135648338
1.005363206
1.071769766
1.074670762
2.927209249
2.937418779
2.917245987
1.107535550
1.144976230
1.139119426
1.004650985
1.070571547
1.067440935
2.938125455
2.938859225
2.917730662
1.113353163
1.135485306
1.141818850
1.009710608
1.065139831
1.061591776
2.933956007
2.938688449
2.925586998
1.105723102
1.131796442
1.152193442
1.004923256
1.065633899
1.059797379
2.932781666
2.934180549
2.927894277
1.105866008
1.133832168
1.136004500
1.008166245
1.059089564
1.064998857
2.926907919
2.949319441
2.921931965
1.103467650
1.131944764
1.139783177
1.010716614
1.063719915
1.059442589
2.932617109
2.936080607
2.916842316
1.104305030
1.135403162
1.133994557
1.009762911
1.072391222
1.062008909
2.934339119
2.953389439
2.923512965
1.116179773
1.131344047
1.138114998
1.005542164
1.083380828
1.063902774
2.937876085
2.946628861
2.919874869
1.108356006
1.132912440
1.136518857
1.005646129
1.062165962
1.063406454
2.933833789
2.946793854
2.922552289
1.110295403
1.135937393
1.137211746
1.008955282
1.075117795
1.062153701
2.927210261
2.934374604
2.917284961
1.111180065
1.135746651
1.140227731
1.006627540
1.065147368
1.067924023
2.932085704
2.943192276
2.916579241
1.109457835
1.125961072
1.137653614
1.012184964
1.071169198
1.071241261
2.928067227
2.945491821
2.922973809
1.102990777
1.133803079
1.142881590
1.006779088
1.066931951
1.067984214
2.942195901
2.944360286
2.917359042
1.098550213
1.130324942
1.139203768
1.010633617
1.070354775
1.069128298
2.740895026
2.944707301
2.916974815
1.108554609
1.134863991
1.137344200
1.009687418
1.069972542
1.075464907
2.932939001
2.932074045
2.917499423
1.112612385
1.132841601
1.141326108
1.010381309
1.070768294
1.066980724
3.213513867
2.945645224
2.923600819
1.105392639
1.132657910
1.139474534
1.011839963
1.074033206
1.072580986
2.924486114
2.931864746
2.914728974
1.105834317
1.134333309
1.136119724
1.010844443
1.068366475
1.060500535
2.928527757
2.945190473
2.924911765
1.102359625
1.136362217
1.134432979
1.007902477
1.063169295
1.063301652
2.930499863
2.950277710
2.921049091
1.104284008
1.131082521
1.137956548
1.011670412
1.064041999
1.072658403
2.928518973
2.939708996
2.917799355
1.107527258
1.130812318
1.134962306
1.003256871
1.072435611
1.067679649
2.928125340
2.943863108
2.928425807
1.107753090
1.131953553
1.137832166
1.009414686
1.064729187
1.070919106
2.929094493
2.943268846
2.919342567
1.112166520
1.142707195
1.136589259
1.013056299
1.059803203
1.067354519
2.930476611
2.941452999
2.922109807
1.103984331
1.139291290
1.137036350
1.013096351
1.078343901
1.076877250
2.930670194
2.937039636
2.922761015
1.106434067
1.135821274
1.133921381
1.007747739
1.074800022
1.075634791
2.928090097
2.940082803
2.915347608
1.093409726
1.130645129
1.136029278
1.003548312
1.074908438
1.071639206
1.072206106
1.000079557
1.136276843
1.112723086
2.932858040
1.073023824
2.917514892
2.933617718
1.140091718
1.144683480
2.912816580
1.013248132
1.132861086
2.925951500
1.067174833
1.102301521
2.947364424
1.079315205
1.363651855
1.102254417
.997421687
2.921194066
1.137916553
2.932336494
2.917670654
1.066590724
1.131277435
3.194123047
2.922804242
1.143951884
1.006408203
2.935748383
1.062207495
1.107652381
1.066107901
1.132505665
.994904957
1.077176483
2.919206810
1.105314299
1.141233487
1.135672740
1.071309215
2.923071988
2.933569741
2.924579620
1.108528123
1.133383242
1.078783142
1.137597376
1.074159575
2.921168816
2.944456243
1.001551090
3.181589570
1.137740113
1.007905104
1.075581122
1.113072726
1.069182169
2.920301606
2.943340833
1.131350953
3.419486932
.998326762
1.140707049
1.071793601
1.131000294
2.927296513
1.061933554
1.104122862
2.919411910
2.942507092
2.936627386
1.139172231
1.100507812
1.062035950
1.072718296
1.187542822
2.923945473
1.007535509
2.941547030
1.138575152
1.005290576
1.059921208
1.069763246
2.940504003
1.108615717
2.932790404
1.140063346
1.114482482
2.942809237
1.140556354
1.138306420
2.924395549
1.054612139
1.008576657
2.934846548
1.064311843
1.069085213
1.179712132
.997211437
2.938542324
1.081079855
1.103833810
2.918673481
1.135377484
2.929129281
1.359019400
1.171646634
1.075897162
1.070466008
1.013869793
2.942220880
1.138938902
2.931853234
2.922206236
1.531938138
2.936982969
2.914390365
1.144463494
1.073612939
1.139978194
2.951828354
1.004244336
1.099512823
2.923062391
1.071948531
1.067414549
2.944107089
1.136917770
1.104255568
1.138506155
2.946888223
1.000908682
1.144119491
1.004494397
2.934423901
2.937133919
2.916322132
1.078021718
1.132781934
1.099995607
1.063728698
3.362930268
1.003062900
2.929638481
1.076785575
1.067589716
1.140551785
1.140681819
2.948806279
1.104719462
1.248627976
1.210617494
2.933808749
1.065993536
2.921274610
1.071411234
2.932675162
1.111733668
1.133791489
2.924777598
1.103534143
1.136844386
2.947473307
1.069439041
1.001937412
1.133402084
2.932373038
1.059591667
1.112545000
1.066850321
2.935075087
1.070261376
2.938916597
1.136699254
2.923701314
1.137538660
1.004798124
1.143618919
1.007558749
2.957636078
1.070467008
2.931705695
1.136663679
1.078451457
1.103271055
2.945333376
1.069360732
1.138868568
2.927425619
1.099671259
1.069214630
1.140151266
1.011670370
2.924316284
2.943703532
1.140950041
1.127351554
2.919101737
1.067740885
2.947783200
1.069438410
1.004566949
2.930726477
1.098598458
2.936678893
2.929767430
1.011745698
1.136630388
1.072809950
2.916587142
1.138866121
1.111961770
1.069618682
1.392154854
1.069260092
1.009493155
2.921838368
2.936945298
1.135644425
2.947529557
1.100357519
1.069548659
2.921752353
1.007010115
1.139921509
1.129523268
1.066299223
1.103239578
1.066592756
2.948538214
2.929534029
1.473777195
1.110179501
1.133204897
2.928685027
1.064684720
1.136314790
2.918183566
1.062723226
2.942691438
1.452582010
1.067012656
2.940967857
1.135712544
1.072820515
1.007415929
1.097529340
2.926442856
2.917458968
1.518091186
2.927951740
1.140041436
2.925354711
1.011131404
1.106359650
1.133700065
2.935317301
1.075996724
3.196376764
1.144480095
1.103742382
2.916540558
1.068419194
1.136530486
1.008989374
1.064567130
2.936165470
2.924304852
1.075991427
2.925174666
1.002722940
1.101096754
1.061977140
1.147291520
2.952438173
1.132484075
1.376376999
1.057345823
2.916440534
1.072481848
1.144033151
1.103002577
2.933066873
1.009002420
2.941026546
1.312743505
.997997277
1.132193991
2.932142641
2.927326037
1.101290805
1.139245422
2.945611568
1.073282145
1.520968936
2.909802510
1.147280858
2.925972654
1.149527156
2.938316024
1.001977264
1.072127252
1.138795540
2.925535521
1.011924832
1.076909032
1.136628371
2.919524851
1.137424061
1.103740243
2.938163191
1.062942548
1.106472209
1.073010335
2.922634782
1.003798173
1.088920894
1.128959966
2.928971502
2.936627490
1.135782357
1.316577480
1.076314540
2.924775209
1.108662888
2.924088187
1.138157132
1.141436784
2.945103654
1.013781460
1.482023286
1.113734312
2.935308240
1.079817687
1.135433054
1.066141432
2.923917450
1.130469361
2.936451266
2.940122627
2.923384249
1.066179461
1.072139675
1.139685286
2.921433927
1.127791056
1.098460968
.998867459
2.940606003
1.075175049
1.070116325
1.094855135
2.934444135
2.918098152
1.136564000
1.129023415
1.005849857
