3.084331484
2.934454012
2.923631684
1.106975871
1.137452831
1.139817641
1.007915685
1.073332812
1.061590100
2.929180748
2.935210079
2.918509987
1.097112379
1.132246596
1.138272666
1.002497307
1.059759481
1.064330821
2.930002284
2.943759525
2.927179183
1.103583742
1.135475724
1.138105287
1.002679143
1.068286323
1.062287139
2.930897459
2.943728978
2.923975471
1.101156011
1.135542870
1.137974069
1.013564878
1.070452819
1.079426885
2.935028574
2.945137278
2.924567773
1.155934496
1.129068942
1.153154096
1.002648147
1.068255567
1.063691237
2.941461172
2.935740645
2.921839011
1.114593167
1.133351127
1.139990071
1.004327004
1.073694395
1.060300177
2.940161457
2.946705649
2.937472846
1.105594855
1.133525249
1.136557458
1.005270055
1.073572570
1.063485749
2.934428664
2.944115734
2.917229685
1.103205003
1.131883246
1.149302117
1.004435558
1.070355987
1.064397830
2.932768523
2.936907401
2.916499378
1.110119258
1.125822839
1.135106017
1.003983557
1.077084088
1.069950223
2.928063710
2.944086863
2.923773168
1.102779967
1.132336206
1.139512468
1.005729423
1.063797583
1.069049397
2.934795043
2.938764185
2.915677604
1.104425814
1.127728304
1.135814494
1.002693005
1.068410648
1.067879236
2.929364049
2.945316197
2.924703315
1.113953796
1.137832620
1.174770429
1.010613210
1.069860535
1.071796979
2.931423099
2.946153803
2.915596049
1.110586303
1.135398722
1.135822346
1.000419136
1.071218503
1.065694023
2.936898217
2.946612690
2.920754200
1.109308041
1.133514580
1.136873053
1.006596824
1.076389811
1.069601845
2.930511890
2.953190779
2.921578584
1.107357775
1.130893320
1.144763191
1.009819566
1.068111341
1.066197832
2.936432988
2.940982882
2.919373744
1.110603867
1.130098931
1.137553754
1.002522081
1.070178374
1.066996197
2.929547092
2.937795398
2.925960384
1.100573683
1.135118570
1.138438013
1.009000569
1.074071056
1.067997410
2.935027263
2.949755944
2.930321178
1.107121681
1.130738767
1.137949084
1.012614317
1.064620003
1.069274970
2.935406489
2.939588324
2.917273960
1.105255214
1.130008994
1.138652602
1.001386842
1.075240489
1.065734814
2.935077927
2.948642827
2.927018631
1.112471882
1.129706581
1.141451304
.998451513
1.062924808
1.060414997
2.929016211
2.946098763
2.928278685
1.095689569
1.182522026
1.143228977
1.002733334
1.072118440
1.063445289
2.929166215
2.943226338
2.925618232
1.099330973
1.135421417
1.131666421
1.018002821
1.060455856
1.064919812
2.929703142
2.943928426
2.922102824
1.104961146
1.164320816
1.143355804
1.005912335
1.070700000
1.062469692
2.933465019
2.944906767
2.924683889
1.104949663
1.131556659
1.136447179
1.006587228
1.062907213
1.066699830
2.935182584
2.945911809
2.922590086
1.101608555
1.129231847
1.140989486
1.002065660
1.063121763
1.064190376
2.935025883
2.947933169
2.925191501
1.103668630
1.132955276
1.137010773
1.003100455
1.065087203
1.063114931
2.933798761
2.945448847
2.920917599
1.106706293
1.136716216
1.136413029
1.007640280
1.066854411
1.061315806
2.931242229
2.943834628
2.916958816
1.113351118
1.138278958
1.140186119
.999712378
1.063965309
1.066818954
2.927750348
2.951728980
2.925053117
1.112359399
1.133975981
1.137347359
1.001536900
1.065517418
1.078021789
2.928752114
2.943391349
2.930726266
1.103774780
1.135423794
1.135480011
1.006732532
1.067655196
1.063094304
2.933594407
2.945997571
2.924173564
1.099689919
1.132684029
1.136041989
1.005814155
1.075545757
1.072998368
2.933574843
2.943226578
2.920418427
1.103490057
1.132634873
1.138065873
1.010337046
1.072674911
1.069111881
2.930464528
2.940409261
2.926521349
1.101638419
1.145267071
1.137126891
.999812410
1.066864306
1.075673426
2.927451632
2.937848351
2.921631579
1.107139095
1.132319016
1.136216740
.998311305
1.063296592
1.065346571
2.942412126
2.950990360
2.923074606
1.109129966
1.138447917
1.135821654
1.000455118
1.066287907
1.063635588
2.938296221
2.943534726
2.913144192
1.104664647
1.133123646
1.140194329
1.003273057
1.067671948
1.065179099
2.934074644
2.954496138
2.927417940
1.111529529
1.135494048
1.137744570
1.018712001
1.082255828
1.068967602
2.934744061
2.940688137
2.919144651
1.110886164
1.138583361
1.137866004
1.007161389
1.064615360
1.065760946
2.927419862
2.943134548
2.921939182
1.108003712
1.132401018
1.137524922
1.000779834
1.060507024
1.073145326
2.934207353
2.938513068
2.920178780
1.100582144
1.181983999
1.140989245
1.005615435
1.075933931
1.066391943
1.133285025
1.003881579
2.943682291
2.924748868
1.139097465
1.066400856
1.107904595
1.068070208
2.925289359
1.135120586
2.934094006
2.923197950
1.070979228
2.938266356
1.006890228
1.096703436
1.139273800
1.061351228
1.105064190
1.133877151
2.940908785
1.075653135
2.931017032
2.915030204
1.128682763
1.077029001
1.014681366
1.131769524
1.067331874
1.143300225
2.941560899
2.920907837
2.925179129
1.003659312
1.070466482
1.107837149
1.071808291
2.924581329
2.942970450
2.927454436
1.002695792
1.103928402
1.136366927
1.076485556
1.134075020
1.066819287
2.929178105
2.926432566
1.002245617
2.936090445
1.071040984
1.132649463
1.108161595
1.137401209
1.067775412
2.917926341
2.930098205
1.136392015
1.001515986
1.140864918
1.108519938
2.938907161
1.068733413
1.009279739
2.949186096
1.137191418
1.059608507
2.927493062
1.133552779
1.068136604
2.929669088
1.104670085
1.008862030
1.138739903
2.940757701
1.061087429
1.132549635
1.098758624
2.916068610
1.062718309
2.929557433
1.136646006
.994851259
1.067112035
1.070087880
2.922835308
1.102448480
1.139110971
2.948201159
2.935252093
1.135898403
1.110769443
2.937934997
1.006163549
1.125763398
2.934095961
1.065448915
1.069430688
2.924341781
1.138238649
1.133243118
2.913248302
2.938746124
1.103559197
1.069197217
2.932136731
1.004602307
1.063872909
1.077674558
2.934556946
1.000462884
1.128477999
1.140539115
1.107656884
1.067879856
2.931727055
2.940441040
1.131484253
1.066225324
2.938149057
1.139850096
1.008348925
1.103936176
2.929974590
2.938385864
1.060547730
1.103684850
1.008518395
1.146486961
2.933917364
1.070962961
1.072933062
2.940319912
2.926123606
1.131382962
.997251903
2.925624340
1.109165833
1.121084967
1.063240063
2.955034834
1.069860451
1.139443883
2.936939711
1.015853108
1.103733226
2.927273491
1.064199481
2.916332061
1.073995221
2.941909641
1.135761608
1.128479995
2.937917257
1.132555147
1.107328315
1.135432127
1.069364064
1.005691057
2.939674319
2.931850786
1.068857048
1.068144811
1.007575166
1.068758233
2.925401519
1.139978531
2.947321145
1.125812395
2.935414231
1.108956183
1.129044988
1.134771886
1.112239804
2.921428883
2.942970903
1.063279744
1.067080679
2.935408179
1.012942379
2.935904320
1.000751189
2.946006951
1.060093808
1.105112426
1.139263925
1.068996881
1.130147843
2.922704451
2.934727129
1.064455826
1.132826186
1.110621148
2.915388997
.999352902
1.061791872
1.141891290
2.942588656
2.939469760
1.011751525
1.091926119
1.063695778
1.069131214
2.923273217
1.133277409
2.957768337
1.141665780
2.941865427
2.945259452
1.003793659
1.111942198
1.062383738
1.135562689
1.069052042
2.914379481
1.136883314
2.921071486
1.130672620
1.076943491
1.130656475
2.940509004
1.107603088
1.001434730
1.073615038
2.950039673
2.915527056
1.067038837
1.005184085
1.062165944
2.931048542
1.125879597
2.940468188
1.100650108
1.137752780
2.941712169
2.937552319
1.128941640
1.101929483
1.140786306
1.058278302
1.007226774
2.918025420
1.063607573
1.127862016
1.069593360
1.108727493
1.137830792
1.007790858
1.074643511
2.920466538
2.940239386
2.946149377
2.921026890
2.949339592
1.150877889
1.061424450
1.103068232
2.926177662
1.009331798
1.063799545
1.136149980
2.932430510
1.139607031
1.137104947
1.006493112
1.073118553
2.948620342
1.107522955
1.058784713
2.928159116
1.138000386
1.006687394
2.932665701
1.068578689
1.074252570
1.138662387
2.920131909
1.100687985
2.944247590
1.103391828
1.068816634
1.071580260
2.934871124
2.937573056
1.015217328
2.918337435
1.134980545
1.140631702
1.138015789
1.183596639
2.918994933
1.002784792
2.939689209
1.073167715
2.940572482
1.067903141
1.091299083
1.001547328
2.919409439
2.940714367
1.110369420
1.135090852
1.066348404
2.927342815
1.134260382
1.069995425
1.004070233
1.063129484
2.937972489
2.934001048
1.105815639
1.146345430
1.064531009
1.140158183
2.926431392
1.105110733
1.006189494
2.930068901
2.944087436
1.135745480
1.059990588
2.922068381
1.134184382
1.066591648
1.129907476
2.922401927
1.004057542
1.105314875
1.074574904
1.062796975
1.141410500
2.944985807
2.940500926
2.939012302
2.918944403
1.134192935
1.005477567
2.946224360
1.071638185
1.162400725
1.071190062
1.131987817
2.927458143
2.927258824
1.008090491
1.137947758
1.106547136
1.073988234
1.131506263
2.937484930
1.069644313
1.137333645
2.925495978
1.069553271
1.009075998
2.934113147
1.066543064
2.939077849
1.138234493
1.107707479
